index,user_id
0,0545857705845654d5846122f89bc5bf
1,0a728a54897242518345309e4532e045
10,1c8467b03c8ec41baf21aed180315a6c
11,2104d797fc61017863acc32930a9c286
12,2230b21a381b476c51a95bdf270ca7f1
13,239e828cb401dad723106ae2ed0f0297
14,24007f22310c7642a7e273ffed9513dd
15,2676c74e4f0c4d0ea2eeb986de34e9c5
16,2702f33fb1d3e896c32ab7e92cc989e1
17,2787bb87392f85ae9e642faac0620a2e
18,281051a33715d239f8a6dd7fe907893b
19,290a56d8a6dab64b23ad7bb8002534e6
2,0ac78236a4b1eda5f13661ce99833cdf
20,2cad93fc8ea8def3524441a344a1d9b8
21,2f5ce191128aa2f36900ec186e09f8c0
22,34e86b9a70558750ffb6dcd3a4fbc2cd
23,3621de041d7ce6512cb6230ddccb1d10
24,3d4fe61893ac336abd2cf65e563e773f
25,3dfe9fdfa182fc14dfbbd96d8f2b1ff6
26,3e0cf7d1e90f844164a033648a766e09
27,3f6998c86ca5367b083f093810951399
28,45ac83c25d4431735267568eadb33738
29,47bf700cff10060ef8b1de0c29344902
3,0c769e42a77799764e01a6acba0d4db1
30,492a0fb4e5583c5bf13e630e0b25af1e
31,495be2fa627b8807300dfc71a8badcd4
32,4cf7f99440281f9ea0ea7398a54cd227
33,4fdfdc4addcb7285410078eece2d81dd
34,539b1148960f5e053a176951bbaa2a40
35,55586698ac955a29da3506ae9a5d8444
36,56756e3dec4852d3110686ed3a7e66b3
37,5782322138d34ca143bd7711068fe048
38,579f53236313b164edb2f817ab707b39
39,57b56c9366156068e4facd99dad6e685
4,0ee87269f3826c61f4adcd5d4ec20e03
40,5cf92993760ca82a759e59158c5b2705
41,5d983c2ece9dd06e3b5bf889b1bfa046
42,6263d4485413e7cf2453c97358d8e603
43,64f03b4bafe06015feef31a9fac2088b
44,64fd7787fa6b89b17b7f97da3b319a6c
45,6ad8cebb5bdc01d07c386528438a8d9d
46,6deadde371aa7e91f8b27387a5081cc2
47,724bcec82facefabfac6f979f6ba0353
48,7674cee6c9e18746fce51cac75c0d61c
49,7761e30ed7de7353af787be2c2d1a478
5,1264cb587ce1fb9a7f82f02858dabaef
50,7806c5842f47001e54e5e45eb5731da6
51,794b152b99c64d0b8c0647efbc5d61ac
52,79a3acf2834e38a1ba6b123196a02d49
53,7c31cd4dfb71ad7f7249c28ab33d8829
54,84d7f66abc8c68408009aac76659bb8b
55,858c7a0008ac1c9a5ed4ebe3fa38f99e
56,865e4c5c565b9e200d62681a5ec93dbc
57,88f1cb87bde7a6418af2a9b6c04ce23c
58,89c4f3c40424f89fb8b868a8826faf6b
59,96d225adb4a5584f8cc7848443516c53
6,136f5071207238e61f02f8fb94497836
60,9835d617dd54296b8f5bd940f9294a3d
61,99d6b57a652eb182e78ea470937c7b37
62,9ac78f51bab99198a05420582e53c02e
63,9c61e6798c8855f08a2b8bd22da3f3f8
64,a599d7e31a1130f15b4a92e14e6690c8
65,a6decd198b427cc10610dd2886bfebcf
66,aa4042d85ff835ef29f9f90cc468eb2c
67,ac49ecf6a7a7c9cf67984d562b79d387
68,ad1dfba1ef87acad181864945efb1b0f
69,ade7e89511e027ed129cfa8ef4ac04b0
7,146e086e4844da8d000a31b641ab39d9
70,af8d466a2601dfc290dffe295c536640
71,bad00ad030826a71c1b5b8a80e9d9a72
72,bdcd1521fc554d1476f89943ebcb91f3
73,be3847abd0320ef6b98be8f7bccec6c5
74,bf753d5eab025ec0c958d2ce4972ba75
75,c176ae22ef153563ae145266ae34bee5
76,c832aa895bb336b7ed1848bab5d81204
77,c8b8fe7bb6bdbfed2f7e8659437c53bd
78,c9abee12afcc3f639d441bd9d868081a
79,c9df1bd8e1fbeda11da721cb7be18a66
8,16007ac3f00e64f3924fff92100ffc77
80,cc3c88a93e64d36c39bc9a092779dfdd
81,d008dd022aea115ff0792aedfd8e7215
82,d3af4a1c7f5fdf417a44051820a3ae7f
83,d5fe3e5bd939c00eb381eb48e952c377
84,d8707144e6744aed5d4ef01640daac20
85,df92b348dec165e4cfa9aaff3680e8a4
86,e3d26e2424eb787cea6c47bfce3ddb80
87,e5e0aa61cfa1fafd882ac47ea93e6f75
88,e616e1aeb257f87d27cc729e79bf459d
89,e77cd544eb21e91b14d734c793cd7dca
9,1addafb8ded3a9e56366f288175a42dd
90,eaa80cc55bb3bf8b89b92ed178be99c1
91,edc1cecc9b59e0329747ae7b6727b290
92,efea92c07826e7e1f0d03d1914115735
93,f6e39d50abe0d81275d0c2cea6cec2b4
94,f7f7d10f4b3569db480f02fecf286c0f
95,fa4b4ad6feb476bd02918451b6bb427a
96,fc41a66ef831caa48b0fcdc8b79cd1b7
97,fc449794f1ae73a92f5dc28653787e97
98,fc78aa2d9cfccada2cacacefd9886e61
99,fe796147c12113093da932a3ac4b40b1
